G1,1.15955923125107,0.438960178412137,0.607603256779768,0.460598981064685,0.742084093173208,0.454930663408483,0.678102957628799,0.673667499062845,0.792521492217813,0.527938594820372,0.631814058568838,0.306048757469794,-0.591908412133001,-0.125214563306727,0.325367092581839,0.311125444470631,0.30634988684528,0.148543923296616,0.260507367800745,0.322178663900225,-0.55248172013565,0.576342484905804,-0.907010190641285,-0.88026281670108,-0.849165008959744,0.264319311424538,-0.946054271196905,-0.946316430888506,-0.9481515487297,-0.928971378860525,-0.94535281688695,-0.946823036779027,-0.637570253552293,-0.958471429562523,-0.590976682418261,-0.602639245995901,-0.923476653432547,-0.923866350271409,0.692971663380735,-0.931281218305429,-0.926856387835056,-0.920784202545851,-0.89883718512075,-0.850479350116282,-0.916936831936702,-0.846426502992097,0.413087851010106,0.42221029973806,0.427148821496023,0.409523896283769,0.333819971286653,0.272595055202594,0.229785086104128,0.293872502604565,0.257145346890908,0.26295891518705,0.257733434847739,0.252865767060475,0.553856977303352,0.251753359720445,0.271624355803969,0.257141804192373,0.265824958301968,0.233745823066398,0.209279946982816,0.199470214739051,0.212670309480931,0.238921705626217,0.239626702634708,0.412039212243712,0.326103973877145,0.353226873862076,0.336767496467874,0.330248931163244,0.382053811842398,0.270774108155539,0.636901373665273
G10,0.438960178412137,1.1837771184372,0.415121359969273,0.584278129624497,0.399023337825657,0.574790782947429,0.36886788789466,0.410806353153486,0.397631057301353,0.391923769961269,0.426511135759703,0.340799087400853,-0.498235920165727,-0.0585480622727208,0.337476036174903,0.322416024702079,0.328551978564918,0.18329425322767,0.295530485519008,0.33619712200372,-0.469447951869356,0.421778090516771,-0.853164715605914,-0.822052737070433,-0.778679478904893,0.261970502295751,-0.900665217564877,-0.894107682576362,-0.90494479739531,-0.908406013864127,-0.883869283809847,-0.903889073231841,-0.586452656388965,-0.906262681250375,-0.499486492748625,-0.496145728030002,-0.866630512737923,-0.907938377657491,0.43529348542828,-0.910443065521824,-0.907927749561885,-0.841569463300443,-0.83708086425644,-0.798543389591348,-0.865819234773381,-0.777304911873266,0.259614607769893,0.914698536598714,0.279131333999905,0.310608210484505,0.340745946922826,0.268609519350578,0.303271281818258,0.273246911733059,0.228336122403262,0.251880896867711,0.266296137207141,0.256245501462987,0.411568033338537,0.256224245271776,0.269821122249591,0.257248085148429,0.257474817854676,0.279680452272847,0.293132078610722,0.282231195218139,0.258877726474585,0.317318081510034,0.283106241756316,0.855698435194699,0.327301405982021,0.328236678395293,0.294864458194403,0.318352549482291,0.311508055912426,0.246056700475964,0.421232514942364
G11,0.607603256779768,0.415121359969273,1.11379110887577,0.420665683176741,0.604492767465941,0.412815063222902,0.592614099277654,0.554625742885476,0.672661372678848,0.695051227420857,0.57114888885331,0.334312406383035,-0.566099853304587,-0.133777265666126,0.307256817670271,0.345117636915169,0.334340747971315,0.158803578254341,0.38233722772521,0.312524810392004,-0.565681814877529,0.60406055824465,-0.942033308359538,-0.917195448929764,-0.88637042897563,0.365962875095854,-0.979440662191931,-0.979702821883532,-0.979901213001498,-0.961812194281142,-0.970555574265834,-0.976117610965984,-0.649951984932555,-0.988038791536684,-0.570896667121144,-0.574648384869846,-0.960409285661232,-0.963254072584941,0.710596588592979,-0.959484641343565,-0.955605386447601,-0.945714172137531,-0.927858971520496,-0.881956226600875,-0.966690490164012,-0.883631923007989,0.261311560368216,0.388278333168621,0.280828286598228,0.280934567554281,0.314345757439059,0.344504750068594,0.283963574801814,0.331683724069971,0.290319175973833,0.337323700137894,0.346010396946023,0.335141397840256,0.607217102639454,0.332937839351407,0.341624536159536,0.356875853353256,0.366104583037259,0.266374076574912,0.275188310530307,0.251739188926305,0.282943277623698,0.27836965381485,0.271436592781608,0.371014763206949,0.371280465597079,0.385036764008975,0.316474919258671,0.320049502080613,0.412499763053274,0.36396125042351,0.605151709393467
G12,0.460598981064685,0.584278129624497,0.420665683176741,1.08084046980057,0.351646830315408,0.878492157569734,0.343041615573586,0.409258193893634,0.387353688850951,0.336090841047674,0.42496297649985,0.36298346562781,-0.597169319457669,-0.066643128425483,0.408489428311511,0.396975658072349,0.393291251595818,0.234121349111128,0.368180604378846,0.40721051414033,-0.495001436403226,0.385858670069123,-0.851712209206506,-0.836694710116104,-0.781046001526352,0.281699790437869,-0.90330452797354,-0.901384385367503,-0.90158277648547,-0.896314783763736,-0.879143323963983,-0.899981476747592,-0.589637542372046,-0.899899994681286,-0.601147769912617,-0.599170944130017,-0.870360974295406,-0.898029449854738,0.400738003916656,-0.898351835421433,-0.902110638567203,-0.861394404303003,-0.82335290743282,-0.803637790084852,-0.876096603223775,-0.791401309344527,0.262158265318109,0.606809692307904,0.292313715249108,0.297330176374848,0.460861140756285,0.281246325025372,0.28180961409246,0.289975534215925,0.234971596759552,0.27406527509467,0.271840460414611,0.260425885734434,0.376466976252503,0.267769899797751,0.271819204223401,0.292253489374011,0.277476893783998,0.266402418163192,0.271670410884926,0.253677045025018,0.258966293937961,0.277034056467109,0.270646571008273,0.58599988111257,0.387676074417644,0.338418393985246,0.427255102452075,0.418554234849805,0.402162168727774,0.27151453214938,0.378220612027392
G13,0.742084093173208,0.399023337825657,0.604492767465941,0.351646830315408,1.1705238832173,0.358526750870625,0.869490160591975,0.575081284227299,0.813143540390795,0.590297174435685,0.67780537095186,0.291481181093353,-0.612750107615165,-0.135690322875097,0.298251277993979,0.279099449713085,0.292873461617657,0.125792713304035,0.243757489126667,0.290971032504295,-0.502944166518981,0.632426945415412,-0.874112692044105,-0.844637440231851,-0.809447815682448,0.231474953305383,-0.902518048898738,-0.902507420803136,-0.89915957068744,-0.881070551967083,-0.90045265565276,-0.900558936608814,-0.597034696913382,-0.907569937009829,-0.600906866412236,-0.608477613181803,-0.880758794495997,-0.884149156994109,0.642123311306067,-0.883653179199192,-0.882501802175275,-0.875884041311666,-0.871122654480458,-0.817309063731895,-0.885948847849953,-0.804799795204364,0.330868903406891,0.373544249961028,0.366752896869188,0.414324252798866,0.327708816313558,0.204015496959618,0.255862890021191,0.238386758147413,0.220209171963679,0.191378691284822,0.199792600305748,0.19874396153935,0.675410506742095,0.196813190837706,0.212319582325955,0.220751204839556,0.219068423035371,0.239091755155903,0.245450899026455,0.211908629295878,0.235747447738744,0.245904364438951,0.24770051259626,0.382195519783807,0.324084635712121,0.338113721911224,0.298194594817418,0.316499718148417,0.258371120584062,0.228654965271423,0.767729687868984
G14,0.454930663408483,0.574790782947429,0.412815063222902,0.878492157569734,0.358526750870625,1.17370876920038,0.321551606259509,0.389677699089991,0.377047978812268,0.334787127986748,0.392015880123174,0.420056339028697,-0.540914809418403,-0.0101158305990089,0.487930900263183,0.467142345259061,0.482280296099658,0.305106399659456,0.448440439692136,0.48528804715598,-0.500396966272224,0.382918230284969,-0.865018584904439,-0.850819449175651,-0.797080255096329,0.252026147507649,-0.916883691458679,-0.9125084587678,-0.915161939970608,-0.91534970299297,-0.894632001959556,-0.913833428019935,-0.610036400537302,-0.90747782684792,-0.544347684298938,-0.547008250898818,-0.882848986631726,-0.915427642360742,0.382794235836241,-0.918477905799487,-0.912143560818681,-0.879883747957825,-0.850298672490989,-0.81912646808042,-0.891039705644937,-0.809345077424935,0.255126008725884,0.593230528822765,0.285554246444086,0.282387073953683,0.501293959137682,0.250481530946334,0.262774694863225,0.259210740136886,0.220301282125594,0.239754239781972,0.23971172739955,0.229661091655397,0.384710835743744,0.241096922526785,0.248692468186096,0.25794245406131,0.251622279874645,0.241366167615455,0.24445185803955,0.235187701370195,0.208015203605775,0.268910648726064,0.257067407523135,0.580331563456368,0.351455524594512,0.325930381648926,0.481872885768119,0.486811407526084,0.44477728940681,0.244023191516799,0.364095872967843
G15,0.678102957628799,0.36886788789466,0.592614099277654,0.343041615573586,0.869490160591975,0.321551606259509,1.15549575603129,0.5787515199097,0.737978105571004,0.658618115685621,0.635647258383851,0.274146757160979,-0.597895572657374,-0.150024081148219,0.292646728911408,0.278405080800199,0.286450549173473,0.116641922987803,0.238698515618506,0.288639936868181,-0.489726358284424,0.614274158121411,-0.866896215128053,-0.85597053284572,-0.825418300678791,0.231871735541316,-0.907031446832489,-0.904838516439248,-0.907764785429261,-0.889130191134494,-0.902783751288874,-0.906436273478588,-0.592273310082172,-0.909901032645941,-0.6007828719635,-0.599624409542515,-0.892637462684274,-0.894936674033567,0.628880704181754,-0.888439364920146,-0.887833563470639,-0.885307619415096,-0.868543569946885,-0.816366705921553,-0.89373569923016,-0.819406341264691,0.348451316236723,0.351572433646173,0.427981355651776,0.434634543500744,0.317194087061302,0.22623530217193,0.26744397153252,0.251604566381969,0.237518797006307,0.226419522495756,0.220921254369239,0.226965098070165,0.633797969748497,0.219851359411631,0.217353756944368,0.22933162069163,0.231195080121107,0.252036775603255,0.272308096621248,0.23576516123142,0.235325866613063,0.275489439905792,0.274830497978257,0.371680790531552,0.358579891348649,0.325689478148536,0.28467919990591,0.296437416343995,0.293139164007793,0.234234715464244,0.784220949549999
G16,0.673667499062845,0.410806353153486,0.554625742885476,0.409258193893634,0.575081284227299,0.389677699089991,0.5787515199097,1.19136203600089,0.675711636117592,0.665639744182226,0.572016849994414,0.289624807060948,-0.485850646086905,-0.11326858384628,0.301032296344055,0.303703491039539,0.30983944490238,0.144395423311982,0.378295008696631,0.303026835619331,-0.506437267274612,0.622114149979654,-0.903520632584179,-0.868862412815037,-0.842401997456179,0.2885407413092,-0.938200108544525,-0.938735056023332,-0.93156817688677,-0.925209033016215,-0.933952413000908,-0.938696086339442,-0.598072707584172,-0.948162176825301,-0.499922244668423,-0.499036570034641,-0.917259217503396,-0.926105335745603,0.64817778310259,-0.922335904504228,-0.925276344288384,-0.907747071936582,-0.88580005451148,-0.844261914187132,-0.91235612273078,-0.828751980000352,0.302552114015625,0.397329927925868,0.328615747138552,0.287803860013893,0.309485175048867,0.288905639258316,0.250460274755125,0.255625529219339,0.234174489589149,0.282815740476434,0.27458959447787,0.267812412180173,0.662642621221501,0.286886301093294,0.270203733691383,0.282999960800261,0.279407664485642,0.258240040738263,0.252323734184601,0.262973085981191,0.229253681323858,0.279510402743162,0.260301891285706,0.377065692304943,0.372421214525389,0.397089024425475,0.291700828402533,0.262540876759906,0.310253940630993,0.294449962465791,0.546006357349511
G17,0.792521492217813,0.397631057301353,0.672661372678848,0.387353688850951,0.813143540390795,0.377047978812268,0.737978105571004,0.675711636117592,1.27358098360411,0.608000039015721,0.683505572894875,0.284905932612159,-0.492206247258941,-0.111986126976564,0.276672701216524,0.280980622635239,0.286298213136464,0.114580072440364,0.270735138471655,0.27457542368373,-0.517157473041905,0.61112115642516,-0.891872239800696,-0.880673769731158,-0.836754935991203,0.23881188197163,-0.93828159061084,-0.916720727326062,-0.934650324612337,-0.913287852445523,-0.925850261451081,-0.929775571428002,-0.627069695094178,-0.938423298552245,-0.501640453457979,-0.50266429333463,-0.905065249145502,-0.917184820834164,0.768395715193596,-0.915324904103221,-0.912809588143281,-0.909192492938922,-0.877970690748862,-0.842706669530218,-0.917893360541187,-0.841108912490875,0.344207163391645,0.37542542288318,0.400823028681503,0.376651196576334,0.292763637963071,0.21735375694437,0.254470609496887,0.240540718856771,0.205723077653549,0.221084218501859,0.213676435864908,0.203625800120755,0.563266384612648,0.201967817206317,0.216383057545746,0.226451406782575,0.233770621956146,0.22678796314341,0.224145110036206,0.18487429677433,0.239810922958534,0.225962514384725,0.195842491439081,0.406172503469542,0.295959152041757,0.374366156021175,0.294074436421067,0.27064302830974,0.336360086136336,0.233264016065623,0.775612192109652
G18,0.527938594820372,0.391923769961269,0.695051227420857,0.336090841047674,0.590297174435685,0.334787127986748,0.658618115685621,0.665639744182226,0.608000039015721,1.4171098720562,0.540313240803567,0.276743555187229,-0.240947439052197,-0.0565889499827936,0.28651431774711,0.373749726476063,0.358881020724139,0.157974586797122,0.637110392878853,0.29805642957455,-0.547415661230413,0.58550036061911,-0.928677334882115,-0.903293899877934,-0.860466217286793,0.260383373352015,-0.979178502500334,-0.974530482022251,-0.981002992245925,-0.96182282237675,-0.967292748914987,-0.978583329146432,-0.635504860306303,-0.980956937164968,-0.267294488057928,-0.257952392020801,-0.955782521374363,-0.966265366339799,0.793240660020425,-0.960040845013582,-0.958616680202462,-0.953362858274871,-0.909865605660598,-0.866417950825816,-0.934239371582258,-0.868912010594545,0.254754025379699,0.363989592011797,0.331283399135503,0.359486822173646,0.281327807091683,0.249291184238535,0.23948853739184,0.231287190283023,0.213382391886494,0.251112131285589,0.240158107414978,0.235563227414919,0.644578401390903,0.24890857279674,0.244228668031839,0.257024895140715,0.260252293506215,0.244267637715726,0.250899569373482,0.225540933259047,0.233830847831242,0.254080912658025,0.242237671455098,0.402101942852687,0.300617800615449,0.347926996853531,0.258906068062868,0.2676636188417,0.272549000121639,0.265474231146992,0.628873618784698
G19,0.631814058568838,0.426511135759703,0.57114888885331,0.42496297649985,0.67780537095186,0.392015880123174,0.635647258383851,0.572016849994414,0.683505572894875,0.540313240803567,1.07191995488912,0.300146621710274,-0.566167164576758,-0.129207184555811,0.298460297207553,0.306041672072724,0.307267445765877,0.137458819580207,0.346534716329222,0.296908595249167,-0.496188240412493,0.512063762684465,-0.869539068235259,-0.849884176762375,-0.812512249915333,0.266328021493956,-0.905855270918832,-0.90257118937677,-0.899768914835486,-0.88822680300804,-0.902153150949624,-0.907442399862566,-0.609646703698435,-0.911725522391535,-0.574783007414189,-0.568987152610719,-0.885187167664909,-0.888850317950225,0.654607780943839,-0.885353674496055,-0.88665738755698,-0.88058520226778,-0.870913635266888,-0.817372832305532,-0.897196915698981,-0.804317988203595,0.352355370022434,0.420399980786609,0.394513482590439,0.406349638396297,0.341557224887369,0.268602433953506,0.256071909234764,0.285242488972996,0.231329702665442,0.263876474107647,0.267652990746092,0.257056779427529,0.530223635375522,0.262491278980413,0.268177310129291,0.266242996729112,0.26701530500977,0.23029877739172,0.220836229604397,0.207207468339767,0.251232583035781,0.233292357653902,0.218994026366131,0.42168598035486,0.295650937269198,0.329047956359837,0.279308468926658,0.26842529902675,0.308773092643306,0.266235911332042,0.687466309857142
G2,0.306048757469794,0.340799087400853,0.334312406383035,0.36298346562781,0.291481181093353,0.420056339028697,0.274146757160979,0.289624807060948,0.284905932612159,0.276743555187229,0.300146621710274,1.21802084247773,-0.564587121030105,0.113790050667036,0.668303853480629,0.651607115284574,0.651468950041704,0.45110809168908,0.60426249206114,0.671116756117521,-0.510975464098111,0.299778181062622,-0.927972337873629,-0.902043327295041,-0.869036005043271,0.338560101926652,-0.9642885405572,-0.967005790333644,-0.959838911197083,-0.960845037581057,-0.941491275483666,-0.95741924809759,-0.644620223637199,-0.963884672924196,-0.550016001955124,-0.56604317012804,-0.932981713602296,-0.960650189161627,0.274557710191056,-0.965882754898007,-0.966913680171729,-0.922105629099461,-0.908887820864906,-0.878533979815949,-0.942263583764321,-0.870116528096489,0.217268732179523,0.267036561200982,0.259426844747529,0.297450628125039,0.471620316207462,0.340016151024589,0.317938053753678,0.334833183067697,0.300015541864474,0.338290856837981,0.329246347477804,0.330380011009044,0.329940716390688,0.334996147200314,0.333589695881868,0.340384591672242,0.328063086167072,0.294347224208272,0.311345091779808,0.287077606814192,0.284456009898199,0.327620248850179,0.337872818410836,0.293691824979276,0.551469198490684,0.375365197008079,0.7039823704279,0.671821753126017,0.575230077565782,0.329465994786981,0.360337069822073
G20,-0.591908412133001,-0.498235920165727,-0.566099853304587,-0.597169319457669,-0.612750107615165,-0.540914809418403,-0.597895572657374,-0.485850646086905,-0.492206247258941,-0.240947439052197,-0.566167164576758,-0.564587121030105,9.03896715338766,3.99562048846553,-0.565727869958419,-0.489676760504861,-0.494179530343009,1.05266538835061,-0.218405248273199,-0.570553025363262,-0.151653722474385,-0.641825034492953,-0.0162553271603897,-0.0244247899823888,-0.0121493395581765,-0.744074399613785,-0.013290088486487,-0.0160073382629288,-0.0137506392960532,-0.0234859748705804,0.0277839583297685,-0.0208785487487275,-0.239742921550312,-0.0213426422568293,8.89613971924554,8.93521568408798,-0.0327217899516543,-0.0249278531743771,-0.450179214536724,-0.0249774509538689,-0.0273723151636142,0.0177085236958689,0.0126495501877081,-0.0453798518176605,0.0169185019225354,-0.0527840917560752,-0.537202061353559,-0.416236619871728,-0.528324058824536,-0.542948318377544,-0.675664890900491,-0.739617684856595,-0.694317198687927,-0.753802649791249,-0.739518489297616,-0.736978374447927,-0.739748764702393,-0.739979040107177,-0.654490181756036,-0.743273749744846,-0.743043474340064,-0.746341726676266,-0.738749723715489,-0.702359124362662,-0.686179620152733,-0.685350628695512,-0.701611614971747,-0.686271730314647,-0.682838855434107,-0.516973252718001,-0.652010292781432,-0.658985866197106,-0.654440583976528,-0.629042978178197,-0.636433047322469,-0.727526454756203,-0.612909529049231
G22,-0.125214563306727,-0.0585480622727208,-0.133777265666126,-0.066643128425483,-0.135690322875097,-0.0101158305990089,-0.150024081148219,-0.11326858384628,-0.111986126976564,-0.0565889499827936,-0.129207184555811,0.113790050667036,3.99562048846553,3.82644600531755,0.358976673584597,0.36792198738579,0.386606179460048,0.984149598681174,0.406505517131853,0.350878064733297,-0.41193932654864,-0.133940229798742,-0.584791130775999,-0.591596654661976,-0.545495518624367,-0.230733839175471,-0.625471938054865,-0.62382458323603,-0.622113459843564,-0.630757644269275,-0.584397891238598,-0.612874102063948,-0.504938705794236,-0.618521163528944,3.99436991588264,3.98598080575146,-0.615169770714711,-0.630290008062639,-0.113877927994322,-0.628157303544492,-0.623459685286913,-0.575650968555366,-0.589984726828493,-0.574634214075786,-0.594172196497011,-0.576037122695692,-0.140614673838926,-0.0755707287340003,-0.144284909521317,-0.104624399420571,0.00243949300947776,-0.245372269522614,-0.216984626160642,-0.222730883184619,-0.246091437325242,-0.247915927070835,-0.246867288304438,-0.235367688859417,-0.116053144894889,-0.241390276369133,-0.240614425389939,-0.242275951002913,-0.237957401488594,-0.225844915196993,-0.224668739283335,-0.238024712760761,-0.256468001334628,-0.22448806165804,-0.23169391047849,-0.110019929289567,-0.0448307335447149,-0.106363864401319,0.163331146982243,0.133625619765209,0.082316716880973,-0.236554492868684,-0.115390660268819
G23,0.325367092581839,0.337476036174903,0.307256817670271,0.408489428311511,0.298251277993979,0.487930900263183,0.292646728911408,0.301032296344055,0.276672701216524,0.28651431774711,0.298460297207553,0.668303853480629,-0.565727869958419,0.358976673584597,1.2037366819841,1.09320094498963,1.09142605302353,0.835689273868298,1.02185099649218,1.10670925450407,-0.564764255956934,0.333008693322108,-0.985852946540513,-0.974927264258181,-0.922006433540465,0.253673502326482,-1.03198950956346,-1.03034215474462,-1.03463236267066,-1.02581812871527,-1.00182697423539,-1.03030318506074,-0.695135562049556,-1.02722103733518,-0.565341715818091,-0.575913128246911,-1.00586565056544,-1.02453212914702,0.268506781093059,-1.03221978496824,-1.0237031376898,-1.0007181095939,-0.996775086124302,-0.946780524396611,-1.00314485809046,-0.931543377997032,0.226766706952197,0.287173259674642,0.238099799566066,0.305857451748895,0.567592019524037,0.241490162064182,0.247781994662568,0.278589301124026,0.233951299581433,0.240310443451985,0.238085628771925,0.247130138132103,0.363444016437379,0.243017065132822,0.239428311516738,0.245950419519907,0.243449274354107,0.232374798733304,0.236278852519013,0.234107178316981,0.194932017915553,0.247098253845288,0.237164527152793,0.299643558518287,0.497407618844647,0.386772686291186,0.846055209782113,0.752244552571934,0.688114623689075,0.243761031825198,0.357832381957737
G24,0.311125444470631,0.322416024702079,0.345117636915169,0.396975658072349,0.279099449713085,0.467142345259061,0.278405080800199,0.303703491039539,0.280980622635239,0.373749726476063,0.306041672072724,0.651607115284574,-0.489676760504861,0.36792198738579,1.09320094498963,1.2456326348605,1.08673197746449,0.835632590691738,1.09926604488176,1.08128330711747,-0.579824267429748,0.33322479793275,-0.981817812909004,-0.974711159647537,-0.925609357950687,0.245978761108188,-1.02877273929356,-1.02848932341075,-1.03277953133679,-1.02642038746624,-1.00297480856077,-1.03472447283258,-0.697374547523756,-1.03491577855347,-0.496110301044651,-0.502589896665397,-0.995556397828218,-1.03004456806767,0.296547239998586,-1.02818465133673,-1.02485097201518,-0.998046914898412,-0.997650132662478,-0.939199149531442,-1.0075661458623,-0.932418424535207,0.204068637437642,0.286571000923671,0.228222756050134,0.282341018872726,0.543257223286253,0.242797417823644,0.240087253444274,0.267893894246479,0.22052801483184,0.240253760275423,0.234755492148907,0.246527879381131,0.352475821772627,0.229866568170433,0.240189991701791,0.239619617237636,0.242301440028727,0.237228295726427,0.229402474662333,0.219592742418568,0.195693698100604,0.236675634754948,0.227560271424066,0.28321960810944,0.465707552352336,0.372258250392773,0.823629928054764,0.721362849441239,0.65723292055838,0.242613197499817,0.334588736868772
G25,0.30634988684528,0.328551978564918,0.334340747971315,0.393291251595818,0.292873461617657,0.482280296099658,0.286450549173473,0.30983944490238,0.286298213136464,0.358881020724139,0.307267445765877,0.651468950041704,-0.494179530343009,0.386606179460048,1.09142605302353,1.08673197746449,1.22025982795193,0.832493759789616,1.09476327504362,1.08878319991633,-0.559776136419478,0.33363220826429,-0.986047794959942,-0.977577202762453,-0.925474735406352,0.243385505780475,-1.03327550913171,-1.03190094210008,-1.03564557445171,-1.02819527943234,-1.01184218299419,-1.0378633037347,-0.696421561617806,-1.02959818805225,-0.504159312116459,-0.515003512332479,-1.00469656004884,-1.03509291348023,0.294772348032488,-1.03241463338767,-1.0282625907045,-1.00118574580053,-0.99396926888448,-0.947248160603245,-1.00497643323312,-0.938830708883785,0.209659015726071,0.282068231085523,0.230812468679312,0.292296001756431,0.543391845830588,0.233384467815813,0.249769448540773,0.262299973259514,0.229391846566726,0.233841475926844,0.233798963544422,0.245298562989442,0.367613772613222,0.228637251778743,0.234050495140417,0.238390300845947,0.237525882403376,0.221541226612888,0.230628248355486,0.219181789388493,0.189826989326436,0.236264681724873,0.222784713798715,0.28935556197228,0.484937320001003,0.37703026531959,0.823491762811894,0.733772922409787,0.67318923476059,0.234836974215215,0.353818504517438
G26,0.148543923296616,0.18329425322767,0.158803578254341,0.234121349111128,0.125792713304035,0.305106399659456,0.116641922987803,0.144395423311982,0.114580072440364,0.157974586797122,0.137458819580207,0.45110809168908,1.05266538835061,0.984149598681174,0.835689273868298,0.835632590691738,0.832493759789616,1.92432864942578,0.799745054530902,0.829500179527433,-0.50753550382051,0.154548797313656,-0.822236957394296,-0.830406420216295,-0.774484923839332,0.0632109436810292,-0.880376183054251,-0.876000950363371,-0.875653765906928,-0.871749712121218,-0.84857692100296,-0.875961980679484,-0.632451054169055,-0.873425408528335,1.04814136232125,1.04220734227492,-0.854525111843436,-0.876737831658676,0.129055538654886,-0.874332339353325,-0.869907508882953,-0.843649027340597,-0.835886974850136,-0.794894410100196,-0.848258078134798,-0.798752408804947,0.0824052843443469,0.145539714938828,0.0964662548302636,0.137490703867024,0.358579891348651,0.0654853561405804,0.0750506421854199,0.0815798355856562,0.0459438310208211,0.0621233352307456,0.0604440961250958,0.0514846115297629,0.181437879195266,0.0604653523163066,0.0604228399338852,0.0554878608744541,0.0698995585153451,0.0604618096177699,0.0630019244674555,0.0390072272890459,0.0295659356929346,0.068092782262432,0.0507937853154102,0.138642080890938,0.297124699859815,0.197946854368954,0.600762305908422,0.527137944951423,0.455642745814038,0.0647555602423426,0.173371154630781
G27,0.260507367800745,0.295530485519008,0.38233722772521,0.368180604378846,0.243757489126667,0.448440439692136,0.238698515618506,0.378295008696631,0.270735138471655,0.637110392878853,0.346534716329222,0.60426249206114,-0.218405248273199,0.406505517131853,1.02185099649218,1.09926604488176,1.09476327504362,0.799745054530902,1.49029139569631,1.03830328848931,-0.581886117977186,0.278787692241997,-0.994245599370233,-0.987684521683176,-0.932581388667823,0.221548312009959,-1.04338282805243,-1.04691844119049,-1.04629846894684,-1.03993932507629,-1.02003998740448,-1.04906177380424,-0.708438395048963,-1.03806878024974,-0.241478843832481,-0.239502018049877,-1.01180321331031,-1.03974447665686,0.380686330207839,-1.04170358894678,-1.04191615085889,-1.0137481548061,-1.01089628248532,-0.949990209269442,-1.01672047887707,-0.946210149932457,0.160543043235079,0.256139220506936,0.184424374060366,0.238269849095756,0.491820783254759,0.22791454127758,0.228750618131872,0.251101503189982,0.218193376497194,0.218278401262037,0.211688981986701,0.224552520367745,0.362416633862196,0.216074842773188,0.217396269326789,0.226100679627596,0.211596871824788,0.210615544330561,0.20360808662808,0.206346592595733,0.171263249002376,0.217700941400813,0.20967672921875,0.262880975819281,0.412634385597613,0.331733321849468,0.76019082538625,0.687384827790846,0.616162416440652,0.213818143806313,0.305248107600856
G28,0.322178663900225,0.33619712200372,0.312524810392004,0.40721051414033,0.290971032504295,0.48528804715598,0.288639936868181,0.303026835619331,0.27457542368373,0.29805642957455,0.296908595249167,0.671116756117521,-0.570553025363262,0.350878064733297,1.10670925450407,1.08128330711747,1.08878319991633,0.829500179527433,1.03830328848931,1.20090606585453,-0.570134986936185,0.341822927277503,-0.989041375222126,-0.971023210472472,-0.924376498860464,0.246938832411207,-1.03654187718109,-1.02943876661817,-1.03072830888495,-1.03309837420495,-1.01238067317154,-1.0307637358703,-0.69068593268944,-1.03040946601679,-0.568530144499703,-0.580192708077341,-1.0003248700565,-1.0372681303808,0.268864593645106,-1.03295312356501,-1.03698471449799,-0.998177994744212,-0.998872363657097,-0.945604348482948,-1.00442377226164,-0.933367867742622,0.23148912409952,0.288076647801099,0.244458943436618,0.301305084131257,0.570950497735338,0.251941122742805,0.255777865256348,0.281674991548122,0.24058323123919,0.246124011748128,0.243080833706453,0.243668921663284,0.361346738904584,0.243920453259278,0.238694972919966,0.244671505348726,0.244898238054974,0.230550308987714,0.240728481879131,0.228190871763319,0.198290496126853,0.247183278610131,0.235885612981612,0.298910219921515,0.488490646631734,0.404861705011542,0.848322536844595,0.761877149888949,0.691200314113172,0.247119510036498,0.360918072381834
G29,-0.55248172013565,-0.469447951869356,-0.565681814877529,-0.495001436403226,-0.502944166518981,-0.500396966272224,-0.489726358284424,-0.506437267274612,-0.517157473041905,-0.547415661230413,-0.496188240412493,-0.510975464098111,-0.151653722474385,-0.41193932654864,-0.564764255956934,-0.579824267429748,-0.559776136419478,-0.50753550382051,-0.581886117977186,-0.570134986936185,1.76209785540682,-0.501194073442626,1.36610564124598,1.35739060284958,1.25291288035017,-0.564161997205963,1.34615670579469,1.34180272929502,1.34133155038984,1.31195549413659,1.37795596784598,1.33884103331965,0.90311036969032,1.3468333612149,-0.15208593169567,-0.150109105913069,1.3368181524561,1.32087955174657,-0.513593518315569,1.3161925615846,1.31597999967249,1.362424777468,1.35163726042853,1.32361451501567,1.3872768076919,1.24119363359598,-0.353743417712136,-0.452917720504457,-0.394785580241575,-0.432324013919772,-0.477202918962754,-0.574981398532235,-0.495582438962987,-0.579346003127507,-0.534236822679752,-0.576979480506044,-0.572930176080399,-0.570432573613135,-0.526680246704324,-0.573181707676392,-0.576224885718065,-0.56206471967317,-0.557473382371645,-0.507170605871385,-0.514450851361069,-0.507074953010937,-0.504240794182836,-0.507450479055659,-0.520930446981817,-0.408804038345064,-0.515471148539187,-0.481255766086937,-0.575459662834477,-0.551425995972186,-0.559088852903664,-0.570801014260789,-0.505285890250699
G3,0.576342484905804,0.421778090516771,0.60406055824465,0.385858670069123,0.632426945415412,0.382918230284969,0.614274158121411,0.622114149979654,0.61112115642516,0.58550036061911,0.512063762684465,0.299778181062622,-0.641825034492953,-0.133940229798742,0.333008693322108,0.33322479793275,0.33363220826429,0.154548797313656,0.278787692241997,0.341822927277503,-0.501194073442626,1.06818240793456,-0.893912834156918,-0.861709704472619,-0.831703047880098,0.319698774925635,-0.951506484242461,-0.944948949253942,-0.945692915946318,-0.931968501821238,-0.935528913849042,-0.945455555144465,-0.603195449665965,-0.950011465460637,-0.62998179329002,-0.644917810314117,-0.910379296948181,-0.932319228976216,0.577585972091632,-0.937279006925392,-0.933126964242225,-0.90441339261503,-0.883284738551538,-0.845020051673648,-0.900020446431471,-0.834693085443756,0.290609677253714,0.371475314016512,0.284757139273684,0.300139536313203,0.367649199598575,0.322791550746801,0.282163883945971,0.295239984239123,0.273243369034522,0.312609835156847,0.320205380816157,0.309063593923185,0.698710835007639,0.316407607986503,0.319911336837742,0.314157994416699,0.31002012252767,0.271939655973595,0.264932198271115,0.262214948494673,0.263957956173955,0.30221201495625,0.269636901925763,0.37712591818004,0.381756225165447,0.460981592506477,0.337589402528026,0.287970366845043,0.388877049221051,0.315514847955651,0.565434516116156
G30,-0.907010190641285,-0.853164715605914,-0.942033308359538,-0.851712209206506,-0.874112692044105,-0.865018584904439,-0.866896215128053,-0.903520632584179,-0.891872239800696,-0.928677334882115,-0.869539068235259,-0.927972337873629,-0.0162553271603897,-0.584791130775999,-0.985852946540513,-0.981817812909004,-0.986047794959942,-0.822236957394296,-0.994245599370233,-0.989041375222126,1.36610564124598,-0.893912834156918,2.65921540545684,2.33979507743426,2.1905801578333,-0.929056403625366,2.36620589501362,2.36348864523717,2.36792764650169,2.30854493365592,2.36199716915389,2.35207052785847,1.44468978015216,2.36006285575371,-0.0104134172759662,0.00165655663321028,2.37487133563054,2.3177417790531,-0.899219796562544,2.31523709118877,2.31529731706387,2.31591374660899,2.309763621952,2.30492783845157,2.43569592678011,2.16440315835725,-0.643893970437506,-0.809355705520546,-0.711123760538585,-0.76039206906657,-0.800906369514274,-0.953242406524674,-0.879299202699521,-0.949150589716605,-0.883036749654078,-0.948966369392779,-0.938370158074216,-0.945692915946322,-0.930310518906805,-0.944895808775917,-0.94903013796641,-0.934324396347098,-0.915820881898137,-0.868791558844338,-0.881800347865319,-0.880425780833687,-0.875409319707951,-0.892531181728214,-0.894554062591772,-0.794975892166478,-0.949653652908594,-0.91107366586108,-0.982908964057823,-0.929959791751826,-0.977995241189605,-0.919328153447909,-0.904551557857905
G32,-0.88026281670108,-0.822052737070433,-0.917195448929764,-0.836694710116104,-0.844637440231851,-0.850819449175651,-0.85597053284572,-0.868862412815037,-0.880673769731158,-0.903293899877934,-0.849884176762375,-0.902043327295041,-0.0244247899823888,-0.591596654661976,-0.974927264258181,-0.974711159647537,-0.977577202762453,-0.830406420216295,-0.987684521683176,-0.971023210472472,1.35739060284958,-0.861709704472619,2.33979507743426,2.65051453785456,2.15867815752449,-0.914857267896577,2.29174899990089,2.27893860199788,2.29674420483542,2.28646329368648,2.30363475348623,2.28552447857467,1.40051232941914,2.28342365834335,-0.0196740312467836,-0.00569454282717541,2.33178503604634,2.30002474367894,-0.863197637857378,2.28933642219847,2.2973074939025,2.37375892829051,2.29095543542903,2.16827532785615,2.43161828076617,2.19224168344627,-0.625330230113442,-0.787791299537237,-0.693105595788932,-0.734190270700774,-0.780160326892577,-0.937952119647066,-0.874920427310101,-0.930314061605336,-0.870474340648516,-0.938586262684856,-0.937264836131252,-0.93667674817442,-0.903835932753804,-0.937516367727245,-0.933194275514392,-0.91767017053347,-0.909805379785488,-0.864139995667713,-0.888605871751291,-0.879866034465134,-0.86639315193605,-0.887334042977181,-0.878990987926959,-0.775866576268003,-0.946366028667993,-0.884326291920871,-0.982076429902066,-0.925581016362408,-0.973343678012981,-0.910039197888806,-0.887078968682657
G34,-0.849165008959744,-0.778679478904893,-0.88637042897563,-0.781046001526352,-0.809447815682448,-0.797080255096329,-0.825418300678791,-0.842401997456179,-0.836754935991203,-0.860466217286793,-0.812512249915333,-0.869036005043271,-0.0121493395581765,-0.545495518624367,-0.922006433540465,-0.925609357950687,-0.925474735406352,-0.774484923839332,-0.932581388667823,-0.924376498860464,1.25291288035017,-0.831703047880098,2.1905801578333,2.15867815752449,2.59404746590318,-0.865482678412525,2.2050024835698,2.18619075434828,2.19581272356969,2.15879860927469,2.23925683570594,2.19877796224359,1.37159682397545,2.2105893191597,0.000512265006366357,0.0109455121923129,2.17411369504204,2.15899345769412,-0.832918193477659,2.16276288893549,2.15518505676886,2.19999310784113,2.20366334352352,2.01169513800063,2.26058033818887,1.98683247968112,-0.647698828664224,-0.727777986352203,-0.707290560723571,-0.760377898272419,-0.741697248896716,-0.873574201866756,-0.813543175189042,-0.902489707310456,-0.83255683822706,-0.881573615159071,-0.881616127541491,-0.882937554095093,-0.878739456330971,-0.88214044692469,-0.881637383732701,-0.859020796284455,-0.858248488003799,-0.805763409205906,-0.829683709715075,-0.820671084641711,-0.811835594495109,-0.823228912984075,-0.819250462529126,-0.711215870700489,-0.894263561311891,-0.845863213925012,-0.935156930502854,-0.922034775128747,-0.927515329762588,-0.851117035852588,-0.83634044026259
G35,0.264319311424538,0.261970502295751,0.365962875095854,0.281699790437869,0.231474953305383,0.252026147507649,0.231871735541316,0.2885407413092,0.23881188197163,0.260383373352015,0.266328021493956,0.338560101926652,-0.744074399613785,-0.230733839175471,0.253673502326482,0.245978761108188,0.243385505780475,0.0632109436810292,0.221548312009959,0.246938832411207,-0.564161997205963,0.319698774925635,-0.929056403625366,-0.914857267896577,-0.865482678412525,0.968161400192329,-0.984740539200477,-0.977910216424758,-0.981654848776385,-0.978023582777878,-0.979401692508045,-0.983327002484961,-0.610241877052338,-0.986246186077906,-0.736595763006133,-0.754532445689479,-0.960253406925687,-0.981647763379312,0.299661272010963,-0.975150454265892,-0.972362350518748,-0.932737267403361,-0.926066366061718,-0.889438405907055,-0.970899216023742,-0.878565864102755,0.254102168849235,0.235127475495099,0.282893679844209,0.278908143992189,0.28258546507165,0.759298065355381,0.416421530331657,0.717288746125839,0.649190994883639,0.75157143985027,0.744709232787729,0.756481620019956,0.328583862851734,0.757278727190358,0.744415188809315,0.861143562843215,0.834637092403397,0.453116801758498,0.447473282992041,0.475035477595324,0.520970106801772,0.418192879599223,0.47645609970791,0.243233169743468,0.411263361264515,0.420655055081136,0.323450492674333,0.280105576097063,0.364099415666376,0.828129155194371,0.247137223529176
G36,-0.946054271196905,-0.900665217564877,-0.979440662191931,-0.90330452797354,-0.902518048898738,-0.916883691458679,-0.907031446832489,-0.938200108544525,-0.93828159061084,-0.979178502500334,-0.905855270918832,-0.9642885405572,-0.013290088486487,-0.625471938054865,-1.03198950956346,-1.02877273929356,-1.03327550913171,-0.880376183054251,-1.04338282805243,-1.03654187718109,1.34615670579469,-0.951506484242461,2.36620589501362,2.29174899990089,2.2050024835698,-0.984740539200477,2.71261095777826,2.64033282226462,2.64722691361398,2.55838311975006,2.50381139151496,2.58117684212506,1.57777479332273,2.58507735321224,-0.00690260302765396,0.00571294645593107,2.49186186935598,2.55585009029744,-0.930898606863634,2.56043788490043,2.553132840521,2.38516641757361,2.36483132798199,2.25197158074851,2.426658502817,2.23201910259868,-0.691667260183675,-0.847035847140142,-0.759715413646357,-0.823168687108984,-0.859863958535835,-1.00565308865333,-0.925162977935261,-0.995287152739552,-0.935720219569936,-1.01037904849919,-1.00196513947826,-1.00710559505273,-0.962262116995104,-1.00576291230792,-1.00389591017991,-0.975823566987566,-0.975869622068523,-0.915473697441691,-0.941303512461295,-0.933109250749546,-0.931911818644677,-0.932393625645452,-0.93850832331708,-0.840566879615003,-0.991698399123467,-0.962393196840907,-1.02577207363431,-0.982916049454888,-1.01758489731964,-0.970102108853338,-0.924227705521989
G37,-0.946316430888506,-0.894107682576362,-0.979702821883532,-0.901384385367503,-0.902507420803136,-0.9125084587678,-0.904838516439248,-0.938735056023332,-0.916720727326062,-0.974530482022251,-0.90257118937677,-0.967005790333644,-0.0160073382629288,-0.62382458323603,-1.03034215474462,-1.02848932341075,-1.03190094210008,-0.876000950363371,-1.04691844119049,-1.02943876661817,1.34180272929502,-0.944948949253942,2.36348864523717,2.27893860199788,2.18619075434828,-0.977910216424758,2.64033282226462,2.70772203379979,2.64723754170958,2.55321077988878,2.50900498756746,2.5825514091567,1.58133166265199,2.57608598433009,-0.00525524820881995,0.00435963561551275,2.4866895294947,2.54985938707455,-0.928160100895984,2.55362881831592,2.55450740755263,2.37508389754264,2.34956583999413,2.24516251416399,2.41357531712678,2.23475760856633,-0.688928754216023,-0.85766394274552,-0.763251026784412,-0.826158724672631,-0.85248806018571,-1.01191657966344,-0.928153015498909,-0.992548646771902,-0.931344986879057,-1.00245757457465,-0.998953845723408,-1.00463987687229,-0.956795733155407,-1.00193325519145,-1.00033904085064,-0.971721122083892,-0.970403238228825,-0.91218961589963,-0.938019430919233,-0.929006805845872,-0.923444769145725,-0.928018392954573,-0.943680663178366,-0.846012007263493,-0.990596619879044,-0.961836993170894,-1.01839617528418,-0.985360511444127,-1.01811984479844,-0.9739105097786,-0.926672167511227
